0.0165522571821
0.0197080146261
0.014819097435
0.0180544312071
0.0456441031384
0.0110754073792
0.0302114264326
0.0155055703308
0.0295758424263
0.0180235689316
0.0146645171418
0.0150841027539
0.00976728839738
0.0170335829159
0.0076155925063
0.0111280082585
0.0300821335948
0.0349132047185
0.0295758424263
0.0298268396746
0.0147879212131
0.0346265610016
0.0126424314448
0.0326939157363
0.0102866222683
0.0136754705901
0.0159512675113
0.0394160292522
0.0162712775077
0.0194176571362
0.0148608707892
0.0235878922259
0.00677621325512
0.0158196366466
0.0115738614983
0.0349132047185
0.0319025350226
0.0143844308663
0.0347979796204
0.0109831123177
0.00957655569934
0.0155169798749
0.0294108447001
0.0190493004968
0.032949336953
0.0167096479001
0.015414894481
0.0152919330311
0.00672864570834
0.0111221390559
